camera_matrix:
- - 1517.432961931903
  - 0.0
  - 971.6224659825277
- - 0.0
  - 1510.706590140515
  - 537.5204682084903
- - 0.0
  - 0.0
  - 1.0
dist_coeff:
- - 0.14275941866256228
  - -0.5254701920116946
  - -0.0036841672887936916
  - 0.0029177676441368913
  - 0.5375238263315764
